1750620892.671475936,20000.0,9.121593475341797,19.765602111816406,-1.3769242763519287,-0.0,-0.0013837706064805388,-0.0,0.9999990463256836
1750620892.771438914,20000.0,9.209291458129883,19.968616485595703,-1.3912196159362793,-0.0,-0.0013837706064805388,-0.0,0.9999990463256836
1750620892.872462695,20000.0,9.297379493713379,20.172779083251953,-1.4055359363555908,-0.0,-0.0013837706064805388,-0.0,0.9999990463256836
1750620892.971409764,20000.0,9.385780334472656,20.377994537353516,-1.4199191331863403,-0.0,-0.0013837706064805388,-0.0,0.9999990463256836
1750620893.71437884,20000.0,9.474589347839355,20.584264755249023,-1.4343178272247314,-0.0,-0.0013837706064805388,-0.0,0.9999990463256836
1750620893.171436439,20000.0,9.563786506652832,20.79157257080078,-1.448715090751648,-0.0,-0.0013837706064805388,-0.0,0.9999990463256836
1750620893.271455802,20000.0,9.653420448303223,20.999977111816406,-1.4631558656692505,-0.0,-0.0013837706064805388,-0.0,0.9999990463256836
1750620893.372452283,20000.0,9.743428230285645,21.20960807800293,-1.4776597023010254,-0.0,-0.0013837706064805388,-0.0,0.9999990463256836
1750620893.472472819,20000.0,9.833839416503906,21.420429229736328,-1.4922066926956177,-0.0,-0.0013837706064805388,-0.0,0.9999990463256836
1750620893.571460233,20000.0,9.92467975616455,21.632396697998047,-1.5067638158798218,-0.0,-0.0013837706064805388,-0.0,0.9999990463256836
1750620893.672463937,20000.0,10.015898704528809,21.8455867767334,-1.5212430953979492,0.0,-0.0013837706064805388,-0.0,0.9999990463256836
1750620893.772436984,20000.0,10.107483863830566,22.059701919555664,-1.5356988906860352,-0.0,-0.0013837706064805388,-0.0,0.9999990463256836
1750620893.872449004,20000.0,10.198970794677734,22.273908615112305,-1.5502437353134155,-0.0,-0.0013837706064805388,-0.0,0.9999990463256836
1750620893.971482334,20000.0,10.292081832885742,22.492406845092773,-1.5650464296340942,-0.0,-0.0013837706064805388,-0.0013837706064805388,0.9999980926513672
1750620894.71441154,20000.0,10.384984016418457,22.710935592651367,-1.58003568649292,-0.0,-0.0013837706064805388,-0.0013837706064805388,0.9999980926513672
1750620894.172452242,20000.0,10.47587776184082,22.92525863647461,-1.5948041677474976,-0.0,-0.0013837706064805388,-0.0013837706064805388,0.9999980926513672
1750620894.271456538,20000.0,10.566566467285156,23.139694213867188,-1.6096892356872559,-0.0013837706064805388,-0.0013837706064805388,-0.0013837706064805388,0.9999971389770508
1750620894.372452818,20000.0,10.657052040100098,23.35428237915039,-1.6245176792144775,-0.0013837706064805388,-0.0013837706064805388,-0.0013837706064805388,0.9999971389770508
1750620894.471448067,20000.0,10.747328758239746,23.569021224975586,-1.6394532918930054,-0.0013837706064805388,-0.0013837706064805388,-0.0013837706064805388,0.9999971389770508
1750620894.571449797,20000.0,10.837422370910645,23.783931732177734,-1.6543383598327637,-0.0013837706064805388,-0.0013837706064805388,-0.0013837706064805388,0.9999971389770508
1750620894.671433514,20000.0,10.927327156066895,23.99901580810547,-1.6692326068878174,-0.0013837706064805388,-0.0013837706064805388,-0.0013837706064805388,0.9999971389770508
1750620894.771435746,20000.0,11.017038345336914,24.2142391204834,-1.6842904090881348,-0.0013837706064805388,-0.0013837706064805388,-0.0013837706064805388,0.9999971389770508
1750620894.872442716,20000.0,11.106522560119629,24.42959976196289,-1.699620008468628,-0.0013837706064805388,-0.0,-0.0013837706064805388,0.9999980926513672
1750620894.970459646,20000.0,11.195831298828125,24.645158767700195,-1.7149335145950317,-0.0013837706064805388,-0.0013837706064805388,-0.0013837706064805388,0.9999971389770508
1750620895.71442250,20000.0,11.284924507141113,24.86090087890625,-1.7303152084350586,-0.0013837706064805388,-0.0013837706064805388,-0.0013837706064805388,0.9999971389770508
1750620895.171447778,20000.0,11.373799324035645,25.076841354370117,-1.7457305192947388,-0.0013837706064805388,-0.0013837706064805388,-0.0013837706064805388,0.9999971389770508
1750620895.272457533,20000.0,11.462457656860352,25.292966842651367,-1.7614024877548218,-0.0,-0.0013837706064805388,-0.0013837706064805388,0.9999980926513672
1750620895.372445658,20000.0,11.550803184509277,25.509197235107422,-1.7771930694580078,-0.0,-0.0013837706064805388,-0.0013837706064805388,0.9999980926513672
1750620895.472437921,20000.0,11.638747215270996,25.725479125976562,-1.7930372953414917,-0.0,-0.0027675412129610777,-0.0013837706064805388,0.9999951720237732
1750620895.571457536,20000.0,11.726287841796875,25.941787719726562,-1.8089102506637573,-0.0,-0.0013837706064805388,-0.0013837706064805388,0.9999980926513672
1750620895.671435812,20500.0,11.81346321105957,26.15816307067871,-1.8247941732406616,-0.0,-0.0013837706064805388,-0.0013837706064805388,0.9999980926513672
1750620895.771413798,20500.0,11.900275230407715,26.374629974365234,-1.8407405614852905,-0.0,-0.0013837706064805388,-0.0013837706064805388,0.9999980926513672
1750620895.871416471,20500.0,11.986701011657715,26.591190338134766,-1.8567465543746948,-0.0013837706064805388,-0.0013837706064805388,-0.0013837706064805388,0.9999971389770508
1750620895.971462845,20500.0,12.072759628295898,26.80786895751953,-1.8727905750274658,-0.0,-0.0027675412129610777,-0.0013837706064805388,0.9999951720237732
1750620896.70449889,20500.0,12.158490180969238,27.024734497070312,-1.888832926750183,-0.0013837706064805388,-0.0013837706064805388,-0.0013837706064805388,0.9999971389770508
1750620896.171412956,20500.0,12.24394702911377,27.241857528686523,-1.9048783779144287,-0.0013837706064805388,-0.0013837706064805388,-0.0013837706064805388,0.9999971389770508
1750620896.271441477,20500.0,12.32905101776123,27.459165573120117,-1.920945405960083,-0.0013837706064805388,-0.0013837706064805388,-0.0013837706064805388,0.9999971389770508
1750620896.371444701,20500.0,12.413793563842773,27.676664352416992,-1.9369027614593506,-0.0013837706064805388,-0.0013837706064805388,-0.0013837706064805388,0.9999971389770508
1750620896.471434359,20500.0,12.498139381408691,27.89436912536621,-1.9528143405914307,-0.0013837706064805388,-0.0027675412129610777,-0.0013837706064805388,0.9999942183494568
1750620896.571417094,20500.0,12.582067489624023,28.1123104095459,-1.9687389135360718,-0.0013837706064805388,-0.0027675412129610777,-0.0013837706064805388,0.9999942183494568
1750620896.671453520,20500.0,12.665578842163086,28.33049774169922,-1.984877109527588,-0.0013837706064805388,-0.0027675412129610777,-0.0013837706064805388,0.9999942183494568
1750620896.770467654,21000.0,12.74868106842041,28.548954010009766,-2.000912666320801,-0.0013837706064805388,-0.0013837706064805388,-0.0013837706064805388,0.9999971389770508
1750620896.870431483,21000.0,12.831403732299805,28.767719268798828,-2.016883611679077,-0.0013837706064805388,-0.0027675412129610777,-0.0013837706064805388,0.9999942183494568
1750620896.971435979,21000.0,12.913695335388184,28.98672103881836,-2.0328445434570312,-0.0013837706064805388,-0.0027675412129610777,-0.0013837706064805388,0.9999942183494568
1750620897.71438992,21000.0,12.99554443359375,29.205928802490234,-2.0488193035125732,-0.0013837706064805388,-0.0013837706064805388,-0.0013837706064805388,0.9999971389770508
1750620897.171442436,21000.0,13.07698917388916,29.42531967163086,-2.0648820400238037,-0.0,-0.0013837706064805388,-0.0013837706064805388,0.9999980926513672
1750620897.270500352,21000.0,13.158080101013184,29.64487075805664,-2.0811004638671875,-0.0,-0.0013837706064805388,-0.0013837706064805388,0.9999980926513672
1750620897.371522972,21000.0,13.238849639892578,29.864534378051758,-2.0972893238067627,-0.0,-0.0013837706064805388,-0.0013837706064805388,0.9999980926513672
1750620897.471467385,21000.0,13.319315910339355,30.084270477294922,-2.1132867336273193,-0.0,-0.0013837706064805388,-0.0013837706064805388,0.9999980926513672
1750620897.570433719,21000.0,13.399514198303223,30.3040828704834,-2.1293187141418457,-0.0,-0.0013837706064805388,-0.0013837706064805388,0.9999980926513672
1750620897.671439728,21500.0,13.479436874389648,30.52394676208496,-2.1453938484191895,-0.0,-0.0013837706064805388,-0.0013837706064805388,0.9999980926513672
1750620897.771468569,21500.0,13.559063911437988,30.743854522705078,-2.16152286529541,-0.0,-0.0013837706064805388,-0.0013837706064805388,0.9999980926513672
1750620897.871442778,21500.0,13.638385772705078,30.963804244995117,-2.177732467651367,-0.0,-0.0013837706064805388,-0.0013837706064805388,0.9999980926513672
1750620897.971459637,21500.0,13.717402458190918,31.183820724487305,-2.1939892768859863,-0.0,-0.0013837706064805388,-0.0013837706064805388,0.9999980926513672
1750620898.70439347,21500.0,13.79613208770752,31.40395164489746,-2.210200548171997,-0.0013837706064805388,-0.0013837706064805388,-0.0013837706064805388,0.9999971389770508
1750620898.171434244,21500.0,13.874576568603516,31.62421989440918,-2.2264835834503174,-0.0013837706064805388,-0.0013837706064805388,-0.0013837706064805388,0.9999971389770508
1750620898.271446014,21500.0,13.952820777893066,31.844667434692383,-2.2428064346313477,-0.0013837706064805388,-0.0013837706064805388,-0.0013837706064805388,0.9999971389770508
1750620898.371439589,21500.0,14.030869483947754,32.065284729003906,-2.2590363025665283,-0.0,-0.0013837706064805388,-0.0013837706064805388,0.9999980926513672
1750620898.471431782,21500.0,14.108689308166504,32.28606414794922,-2.275177478790283,-0.0,-0.0013837706064805388,-0.0013837706064805388,0.9999980926513672
1750620898.570435226,21500.0,14.18628215789795,32.506954193115234,-2.2914111614227295,-0.0,-0.0013837706064805388,-0.0013837706064805388,0.9999980926513672
1750620898.670442517,21500.0,14.263665199279785,32.72798538208008,-2.3076374530792236,-0.0013837706064805388,-0.0013837706064805388,-0.0013837706064805388,0.9999971389770508
1750620898.771435180,21500.0,14.340837478637695,32.949180603027344,-2.3238964080810547,-0.0013837706064805388,-0.0013837706064805388,-0.0013837706064805388,0.9999971389770508
1750620898.871448122,21500.0,14.41781234741211,33.170528411865234,-2.3402481079101562,-0.0,-0.0013837706064805388,-0.0013837706064805388,0.9999980926513672
1750620898.971433863,21500.0,14.494601249694824,33.39200210571289,-2.356764554977417,-0.0013837706064805388,-0.0013837706064805388,-0.0013837706064805388,0.9999971389770508
1750620899.70439201,21500.0,14.571175575256348,33.613616943359375,-2.373281955718994,-0.0013837706064805388,-0.0013837706064805388,-0.0013837706064805388,0.9999971389770508
1750620899.171436633,21500.0,14.647541046142578,33.83537673950195,-2.389892339706421,-0.0013837706064805388,-0.0013837706064805388,-0.0013837706064805388,0.9999971389770508
1750620899.270454274,21500.0,14.723730087280273,34.05729675292969,-2.406613826751709,-0.0013837706064805388,-0.0013837706064805388,-0.0013837706064805388,0.9999971389770508
1750620899.371408725,22000.0,14.799734115600586,34.27938461303711,-2.4234261512756348,-0.0013837706064805388,-0.0013837706064805388,-0.0013837706064805388,0.9999971389770508
1750620899.470448798,22000.0,14.875590324401855,34.50165939331055,-2.4402084350585938,-0.0013837706064805388,-0.0013837706064805388,-0.0013837706064805388,0.9999971389770508
1750620899.571442974,22000.0,14.951318740844727,34.724124908447266,-2.457070827484131,-0.0013837706064805388,-0.0013837706064805388,-0.0013837706064805388,0.9999971389770508
1750620899.670438894,22000.0,15.02690601348877,34.946773529052734,-2.474039316177368,-0.0013837706064805388,-0.0013837706064805388,-0.0013837706064805388,0.9999971389770508
1750620899.771427640,22000.0,15.10233211517334,35.16964340209961,-2.491058826446533,-0.0013837706064805388,-0.0013837706064805388,-0.0013837706064805388,0.9999971389770508
1750620899.870453897,22000.0,15.177605628967285,35.392757415771484,-2.5080931186676025,-0.0013837706064805388,-0.0013837706064805388,-0.0013837706064805388,0.9999971389770508
1750620899.970445789,22000.0,15.252742767333984,35.61614990234375,-2.525103807449341,-0.0013837706064805388,-0.0,-0.0013837706064805388,0.9999980926513672
1750620900.70445536,22000.0,15.327762603759766,35.8398323059082,-2.5420920848846436,-0.0013837706064805388,-0.0,-0.0013837706064805388,0.9999980926513672
1750620900.170406901,22000.0,15.402670860290527,36.063785552978516,-2.559062957763672,-0.0013837706064805388,-0.0,-0.0013837706064805388,0.9999980926513672
1750620900.271453696,22000.0,15.477495193481445,36.288021087646484,-2.5761587619781494,-0.0013837706064805388,-0.0,-0.0013837706064805388,0.9999980926513672
1750620900.370432304,22000.0,15.552244186401367,36.51252365112305,-2.5932228565216064,-0.0013837706064805388,-0.0,-0.0013837706064805388,0.9999980926513672
1750620900.470441188,22500.0,15.626908302307129,36.73728942871094,-2.6101608276367188,-0.0013837706064805388,-0.0,-0.0013837706064805388,0.9999980926513672
1750620900.570447307,22500.0,15.701465606689453,36.96235275268555,-2.627013921737671,-0.0013837706064805388,-0.0,-0.0013837706064805388,0.9999980926513672
1750620900.671452734,22500.0,15.775906562805176,37.187744140625,-2.6440248489379883,-0.0013837706064805388,-0.0,-0.0013837706064805388,0.9999980926513672
1750620900.770486545,22500.0,15.850212097167969,37.41347885131836,-2.6610522270202637,-0.0013837706064805388,-0.0013837706064805388,-0.0013837706064805388,0.9999971389770508
1750620900.870442189,22500.0,15.924370765686035,37.63959503173828,-2.678189754486084,-0.0013837706064805388,-0.0013837706064805388,-0.0013837706064805388,0.9999971389770508
1750620900.970442948,22500.0,15.998360633850098,37.866092681884766,-2.6954593658447266,-0.0027675412129610777,-0.0013837706064805388,-0.0013837706064805388,0.9999942183494568
1750620901.71467271,22500.0,16.07216453552246,38.09297180175781,-2.7126781940460205,-0.0013837706064805388,-0.0013837706064805388,-0.0013837706064805388,0.9999971389770508
1750620901.170495241,22500.0,16.14577865600586,38.32023239135742,-2.7298295497894287,-0.0013837706064805388,-0.0013837706064805388,-0.0013837706064805388,0.9999971389770508
1750620901.270436508,22500.0,16.219209671020508,38.547882080078125,-2.7469797134399414,-0.0027675412129610777,-0.0,-0.0013837706064805388,0.9999951720237732
1750620901.370429342,22500.0,16.292512893676758,38.77598190307617,-2.7640979290008545,-0.0027675412129610777,-0.0013837706064805388,-0.0013837706064805388,0.9999942183494568
1750620901.471444107,22500.0,16.365663528442383,39.00452423095703,-2.781280755996704,-0.0027675412129610777,-0.0013837706064805388,-0.0013837706064805388,0.9999942183494568
1750620901.569459905,23000.0,16.438615798950195,39.233489990234375,-2.798647880554199,-0.0027675412129610777,-0.0013837706064805388,-0.0013837706064805388,0.9999942183494568
1750620901.670462266,23000.0,16.51139259338379,39.46289825439453,-2.816014051437378,-0.0027675412129610777,-0.0013837706064805388,-0.0013837706064805388,0.9999942183494568
1750620901.769441615,23000.0,16.58399772644043,39.69279098510742,-2.833317279815674,-0.0027675412129610777,-0.0013837706064805388,-0.0013837706064805388,0.9999942183494568
1750620901.870442163,23000.0,16.65643310546875,39.92317581176758,-2.8505353927612305,-0.0027675412129610777,-0.0013837706064805388,-0.0013837706064805388,0.9999942183494568
1750620901.970446018,23000.0,16.728708267211914,40.154083251953125,-2.8676869869232178,-0.0027675412129610777,-0.0013837706064805388,-0.0013837706064805388,0.9999942183494568
1750620902.70443060,23000.0,16.80083465576172,40.38552474975586,-2.8847570419311523,-0.0027675412129610777,-0.0,-0.0013837706064805388,0.9999951720237732
1750620902.170440753,23000.0,16.872859954833984,40.61753845214844,-2.9017982482910156,-0.0027675412129610777,-0.0,-0.0013837706064805388,0.9999951720237732
1750620902.269446241,23000.0,16.94483184814453,40.85017776489258,-2.918799877166748,-0.0027675412129610777,-0.0,-0.0013837706064805388,0.9999951720237732
1750620902.388441902,23000.0,17.016767501831055,41.083465576171875,-2.935812473297119,-0.0027675412129610777,-0.0,-0.0013837706064805388,0.9999951720237732
1750620902.470444121,23000.0,17.088665008544922,41.31739044189453,-2.952841281890869,-0.0027675412129610777,-0.0,-0.0,0.9999961256980896
1750620902.599440049,23000.0,17.1605224609375,41.55192565917969,-2.9698801040649414,-0.0027675412129610777,-0.0,-0.0013837706064805388,0.9999951720237732
1750620902.670444747,23500.0,17.23235511779785,41.78707504272461,-2.9869868755340576,-0.0027675412129610777,-0.0,-0.0013837706064805388,0.9999951720237732
1750620902.771444444,23500.0,17.304201126098633,42.022891998291016,-3.0040369033813477,-0.004151311703026295,-0.0,-0.0,0.9999913573265076
1750620902.870450643,23500.0,17.376022338867188,42.259422302246094,-3.02105975151062,-0.004151311703026295,0.0,-0.0,0.9999913573265076
1750620902.970466650,23500.0,17.447845458984375,42.496665954589844,-3.0380687713623047,-0.004151311703026295,-0.0,-0.0013837706064805388,0.9999904036521912
1750620903.69447112,23500.0,17.5196590423584,42.73466110229492,-3.0549092292785645,-0.004151311703026295,0.0,-0.0,0.9999913573265076
1750620903.170434064,23500.0,17.59148597717285,42.973384857177734,-3.0716748237609863,-0.004151311703026295,-0.0,-0.0013837706064805388,0.9999904036521912
1750620903.269443409,23500.0,17.664743423461914,43.21769714355469,-3.0888774394989014,-0.004151311703026295,-0.0,-0.0013837706064805388,0.9999904036521912
1750620903.369466150,23500.0,17.73724937438965,43.460426330566406,-3.105952024459839,-0.004151311703026295,-0.0,-0.0013837706064805388,0.9999904036521912
1750620903.469434728,23500.0,17.80901527404785,43.701560974121094,-3.1229469776153564,-0.004151311703026295,-0.0,-0.0,0.9999913573265076
1750620903.569448381,23500.0,17.880746841430664,43.94352722167969,-3.1399142742156982,-0.004151311703026295,-0.0,-0.0013837706064805388,0.9999904036521912
1750620903.669453057,23500.0,17.952425003051758,44.186378479003906,-3.1568663120269775,-0.004151311703026295,-0.0,-0.0013837706064805388,0.9999904036521912
1750620903.770436553,24000.0,18.024059295654297,44.43011474609375,-3.173783302307129,-0.004151311703026295,-0.0,-0.0013837706064805388,0.9999904036521912
1750620903.870450537,24000.0,18.095645904541016,44.67475128173828,-3.190624952316284,-0.004151311703026295,-0.0,-0.0013837706064805388,0.9999904036521912
1750620903.970448651,24000.0,18.16718864440918,44.920291900634766,-3.2074339389801025,-0.004151311703026295,-0.0,-0.0013837706064805388,0.9999904036521912
1750620904.70433349,24000.0,18.238662719726562,45.166778564453125,-3.224243402481079,-0.005535082425922155,-0.0,-0.0,0.9999846816062927
1750620904.169442985,24000.0,18.310056686401367,45.414222717285156,-3.241119146347046,-0.004151311703026295,-0.0,-0.0,0.9999913573265076
1750620904.270434907,24000.0,18.381391525268555,45.6626091003418,-3.2580339908599854,-0.004151311703026295,-0.0,-0.0013837706064805388,0.9999904036521912
1750620904.370445675,24500.0,18.452699661254883,45.911895751953125,-3.274914026260376,-0.004151311703026295,0.0,-0.0,0.9999913573265076
1750620904.469420816,24500.0,18.523996353149414,46.1620979309082,-3.291896104812622,-0.004151311703026295,-0.0,0.0,0.9999913573265076
1750620904.569452983,24500.0,18.595293045043945,46.41322708129883,-3.308953285217285,-0.004151311703026295,0.0,0.0,0.9999913573265076
1750620904.670437020,24500.0,18.66659927368164,46.66525650024414,-3.325871467590332,-0.004151311703026295,0.0,0.0,0.9999913573265076
1750620904.770443941,24500.0,18.73793601989746,46.918182373046875,-3.34274959564209,-0.004151311703026295,0.0,0.0,0.9999913573265076
1750620904.869488032,24500.0,18.80931282043457,47.1719970703125,-3.359769344329834,-0.004151311703026295,0.0,0.0,0.9999913573265076
1750620904.970441671,25000.0,18.880781173706055,47.42670822143555,-3.376755952835083,-0.004151311703026295,0.0,0.0,0.9999913573265076
1750620905.69446849,25000.0,18.952350616455078,47.682334899902344,-3.393749952316284,-0.005535082425922155,0.0,0.0013837706064805388,0.9999837279319763
1750620905.169433131,25000.0,19.024005889892578,47.93893814086914,-3.410816192626953,-0.004151311703026295,0.0,0.0013837706064805388,0.9999904036521912
1750620905.269443507,25000.0,19.095754623413086,48.19651412963867,-3.4280030727386475,-0.005535082425922155,0.0,0.0013837706064805388,0.9999837279319763
1750620905.370463873,25000.0,19.167585372924805,48.455081939697266,-3.4452552795410156,-0.005535082425922155,0.0,0.0013837706064805388,0.9999837279319763
1750620905.470440556,25000.0,19.2395076751709,48.71461486816406,-3.462528944015503,-0.004151311703026295,0.0,0.0013837706064805388,0.9999904036521912
1750620905.569434302,25000.0,19.31151008605957,48.97509002685547,-3.479828357696533,-0.005535082425922155,0.0,0.0013837706064805388,0.9999837279319763
1750620905.669443176,25500.0,19.383594512939453,49.23653030395508,-3.4970545768737793,-0.004151311703026295,0.0,0.0013837706064805388,0.9999904036521912
1750620905.770461508,25500.0,19.45577049255371,49.49891662597656,-3.5143399238586426,-0.005535082425922155,0.0,0.0013837706064805388,0.9999837279319763
1750620905.869436759,25500.0,19.52806282043457,49.76228332519531,-3.531757354736328,-0.005535082425922155,0.0,0.0013837706064805388,0.9999837279319763
1750620905.969473616,25500.0,19.600467681884766,50.026611328125,-3.549222946166992,-0.005535082425922155,0.0,0.0027675412129610777,0.9999808073043823
1750620906.69449518,25500.0,19.6729793548584,50.29194641113281,-3.5667872428894043,-0.005535082425922155,0.0,0.0027675412129610777,0.9999808073043823
1750620906.173446859,25500.0,19.745546340942383,50.55826950073242,-3.5844132900238037,-0.005535082425922155,0.0,0.0027675412129610777,0.9999808073043823
1750620906.302434290,25500.0,19.8181209564209,50.825592041015625,-3.6021149158477783,-0.005535082425922155,0.0,0.0027675412129610777,0.9999808073043823
1750620906.369445132,25500.0,19.890695571899414,51.09389877319336,-3.6199209690093994,-0.005535082425922155,0.0,0.0027675412129610777,0.9999808073043823
1750620906.470433056,25500.0,19.963275909423828,51.3631591796875,-3.637709617614746,-0.004151311703026295,0.0,0.004151311703026295,0.9999827742576599
1750620906.569489169,25500.0,20.035871505737305,51.63333511352539,-3.655482053756714,-0.004151311703026295,0.0,0.0027675412129610777,0.9999875426292419
1750620906.669425066,25500.0,20.10847282409668,51.90441131591797,-3.6731116771698,-0.005535082425922155,-0.0,0.0027675412129610777,0.9999808073043823
1750620906.769438499,25500.0,20.181045532226562,52.176414489746094,-3.690493583679199,-0.004151311703026295,-0.0,0.0013837706064805388,0.9999904036521912
1750620906.869426333,25500.0,20.253585815429688,52.44935607910156,-3.7078421115875244,-0.005535082425922155,-0.0,0.0,0.9999846816062927
1750620906.969453943,25500.0,20.326080322265625,52.723262786865234,-3.725309133529663,-0.004151311703026295,-0.0,0.0,0.9999913573265076
1750620907.69468578,25500.0,20.398502349853516,52.99811935424805,-3.7425363063812256,-0.004151311703026295,-0.0,0.0,0.9999913573265076
1750620907.169489074,25500.0,20.470844268798828,53.2739143371582,-3.7596230506896973,-0.004151311703026295,-0.0,0.0013837706064805388,0.9999904036521912
1750620907.269437023,25500.0,20.543109893798828,53.55063247680664,-3.776740789413452,-0.005535082425922155,-0.0,0.0013837706064805388,0.9999837279319763
1750620907.369432041,25500.0,20.61530303955078,53.828304290771484,-3.7940618991851807,-0.005535082425922155,-0.0,0.0013837706064805388,0.9999837279319763
1750620907.470412872,25500.0,20.688146591186523,54.109703063964844,-3.8115878105163574,-0.004151311703026295,0.0,0.0,0.9999913573265076
1750620907.569409013,25500.0,20.755197525024414,54.369606018066406,-3.8275716304779053,-0.004151311703026295,-0.0,0.0,0.9999913573265076
1750620907.669435590,25500.0,20.827232360839844,54.64990997314453,-3.844839334487915,-0.004151311703026295,-0.0,0.0013837706064805388,0.9999904036521912
1750620907.769448542,25500.0,20.899171829223633,54.93108367919922,-3.8620188236236572,-0.004151311703026295,-0.0,0.0,0.9999913573265076
1750620907.869431868,25500.0,20.970993041992188,55.21314239501953,-3.879302740097046,-0.004151311703026295,-0.0013837706064805388,0.0,0.9999904036521912
1750620907.970441663,25500.0,21.04261589050293,55.4961051940918,-3.8966705799102783,-0.004151311703026295,-0.0013837706064805388,-0.0,0.9999904036521912
1750620908.69489501,26000.0,21.11400604248047,55.77995300292969,-3.9139251708984375,-0.004151311703026295,-0.0013837706064805388,0.0,0.9999904036521912
1750620908.169455554,26000.0,21.185134887695312,56.064720153808594,-3.931103467941284,-0.005535082425922155,-0.0013837706064805388,0.0,0.9999837279319763
1750620908.269448258,26000.0,21.255956649780273,56.3504638671875,-3.948183059692383,-0.005535082425922155,-0.0013837706064805388,0.0013837706064805388,0.9999827742576599
1750620908.369413340,26000.0,21.326473236083984,56.63719940185547,-3.965278387069702,-0.005535082425922155,-0.0013837706064805388,0.0013837706064805388,0.9999827742576599
1750620908.470445728,26500.0,21.396728515625,56.924930572509766,-3.9825942516326904,-0.005535082425922155,-0.0013837706064805388,0.0013837706064805388,0.9999827742576599
1750620908.568458370,26500.0,21.46677589416504,57.21366500854492,-4.000041961669922,-0.005535082425922155,-0.0013837706064805388,0.0013837706064805388,0.9999827742576599
1750620908.668446084,26500.0,21.53664779663086,57.503387451171875,-4.017682075500488,-0.005535082425922155,-0.0013837706064805388,0.0013837706064805388,0.9999827742576599
1750620908.769410003,26500.0,21.606382369995117,57.794105529785156,-4.035454273223877,-0.005535082425922155,-0.0,0.0013837706064805388,0.9999837279319763
1750620908.869415511,27000.0,21.675996780395508,58.08586883544922,-4.053163051605225,-0.005535082425922155,-0.0,0.0013837706064805388,0.9999837279319763
1750620908.969469129,27000.0,21.745498657226562,58.37869644165039,-4.070786952972412,-0.005535082425922155,-0.0013837706064805388,0.0013837706064805388,0.9999827742576599
1750620909.69467443,27000.0,21.814855575561523,58.672550201416016,-4.0883588790893555,-0.005535082425922155,-0.0013837706064805388,0.0013837706064805388,0.9999827742576599
1750620909.169459305,27500.0,21.88401985168457,58.9674186706543,-4.105901718139648,-0.005535082425922155,-0.0013837706064805388,0.0013837706064805388,0.9999827742576599
1750620909.268447661,27500.0,21.95295524597168,59.26323699951172,-4.123513221740723,-0.004151311703026295,-0.0013837706064805388,0.0027675412129610777,0.9999865889549255
1750620909.368438281,28000.0,22.021671295166016,59.5599365234375,-4.14113187789917,-0.004151311703026295,-0.0013837706064805388,0.0013837706064805388,0.9999894499778748
1750620909.468441715,28000.0,22.090206146240234,59.85744857788086,-4.158743858337402,-0.004151311703026295,-0.0,0.004151311703026295,0.9999827742576599
1750620909.568497097,28000.0,22.158620834350586,60.15577697753906,-4.176481246948242,-0.004151311703026295,-0.0,0.006918853148818016,0.9999674558639526
1750620909.669480112,28000.0,22.226924896240234,60.454952239990234,-4.194417953491211,-0.004151311703026295,-0.0,0.012453935109078884,0.9999138116836548
1750620909.768573194,28000.0,22.295143127441406,60.754981994628906,-4.212573051452637,-0.004151311703026295,-0.0,0.017989017069339752,0.9998295903205872
1750620909.869515443,28000.0,22.363311767578125,61.05583572387695,-4.230679035186768,-0.004151311703026295,-0.0,0.01660524681210518,0.9998534917831421
1750620909.968464625,28000.0,22.43143653869629,61.35749435424805,-4.248802661895752,-0.004151311703026295,-0.0,0.020756559446454048,0.9997759461402893
1750620910.69436399,28000.0,22.499547958374023,61.660030364990234,-4.266892433166504,-0.004151311703026295,0.0,0.02629164233803749,0.9996457099914551
1750620910.169485228,28000.0,22.567676544189453,61.96340560913086,-4.28488826751709,-0.004151311703026295,0.0,0.03321049362421036,0.9994397759437561
1750620910.269449679,28000.0,22.635868072509766,62.26759719848633,-4.302987098693848,-0.004151311703026295,0.0,0.03874557837843895,0.999240517616272
1750620910.369459094,28000.0,22.704126358032227,62.57254409790039,-4.321347713470459,-0.004151311703026295,0.0013837706064805388,0.04704819992184639,0.998883068561554
1750620910.469430327,28000.0,22.772520065307617,62.87821960449219,-4.3398356437683105,-0.004151311703026295,0.0013837706064805388,0.0567345917224884,0.9983797073364258
1750620910.569481130,28000.0,22.84113311767578,63.184627532958984,-4.358371257781982,-0.004151311703026295,0.0013837706064805388,0.06503721326589584,0.9978732466697693
1750620910.668452494,28000.0,22.90997314453125,63.491756439208984,-4.376585960388184,-0.004151311703026295,0.0013837706064805388,0.07057230174541473,0.9974970817565918
1750620910.769418557,28000.0,22.97904396057129,63.799617767333984,-4.394742965698242,-0.004151311703026295,0.0013837706064805388,0.07195606827735901,0.9973981976509094
1750620910.869508594,28000.0,23.04836082458496,64.10816192626953,-4.4129638671875,-0.0027675412129610777,0.0013837706064805388,0.07195606827735901,0.9974029660224915
1750620910.969453067,28000.0,23.11791229248047,64.41740417480469,-4.431327819824219,-0.004151311703026295,0.0013837706064805388,0.07195606827735901,0.9973981976509094
1750620911.68430592,28000.0,23.187713623046875,64.72742462158203,-4.44987154006958,-0.004151311703026295,0.0013837706064805388,0.07057230174541473,0.9974970817565918
1750620911.168421022,28000.0,23.257768630981445,65.0383071899414,-4.468289852142334,-0.004151311703026295,0.0013837706064805388,0.07195606827735901,0.9973981976509094
1750620911.269446817,28000.0,23.32808494567871,65.35005950927734,-4.486738681793213,-0.004151311703026295,0.0013837706064805388,0.07472360879182816,0.9971946477890015
1750620911.369462023,28000.0,23.39866828918457,65.66268920898438,-4.505220413208008,-0.004151311703026295,0.0013837706064805388,0.07610738277435303,0.9970900416374207
1750620911.468472020,28000.0,23.46957778930664,65.97620391845703,-4.523575782775879,-0.004151311703026295,0.0027675412129610777,0.0774911567568779,0.9969805479049683
1750620911.569459273,28000.0,23.542278289794922,66.29690551757812,-4.542288303375244,-0.004151311703026295,0.0027675412129610777,0.07887492328882217,0.9968720078468323
1750620911.669457427,28000.0,23.615413665771484,66.61858367919922,-4.561153411865234,-0.004151311703026295,0.0027675412129610777,0.07887492328882217,0.9968720078468323
1750620911.768451123,28000.0,23.68758773803711,66.93489074707031,-4.579660892486572,-0.004151311703026295,0.0027675412129610777,0.07887492328882217,0.9968720078468323
1750620911.869545677,28000.0,23.760271072387695,67.25210571289062,-4.598177433013916,-0.004151311703026295,0.0027675412129610777,0.07887492328882217,0.9968720078468323
1750620911.968433995,28000.0,23.833492279052734,67.57013702392578,-4.616549968719482,-0.004151311703026295,0.0027675412129610777,0.0774911567568779,0.9969805479049683
1750620912.68419155,28000.0,23.907201766967773,67.88898468017578,-4.634875774383545,-0.004151311703026295,0.0027675412129610777,0.07887492328882217,0.9968720078468323
1750620912.168472773,28000.0,23.981380462646484,68.20875549316406,-4.653224945068359,-0.005535082425922155,0.0027675412129610777,0.07887492328882217,0.9968653321266174
1750620912.268464094,28500.0,24.056026458740234,68.52953338623047,-4.671755313873291,-0.004151311703026295,0.0027675412129610777,0.07887492328882217,0.9968720078468323
1750620912.368445306,28500.0,24.131061553955078,68.85123443603516,-4.690353870391846,-0.005535082425922155,0.0027675412129610777,0.07887492328882217,0.9968653321266174
1750620912.468444292,29000.0,24.206478118896484,69.17387390136719,-4.708983898162842,-0.004151311703026295,0.0027675412129610777,0.08025868982076645,0.9967616200447083
1750620912.568443718,29000.0,24.28226661682129,69.49739074707031,-4.727656364440918,-0.004151311703026295,0.0027675412129610777,0.08025868982076645,0.9967616200447083
1750620912.668433807,29500.0,24.358440399169922,69.82171630859375,-4.746441841125488,-0.004151311703026295,0.0027675412129610777,0.08302623778581619,0.9965348839759827
1750620912.769449984,29500.0,24.435007095336914,70.14688873291016,-4.765188694000244,-0.004151311703026295,0.0013837706064805388,0.08579377084970474,0.9963033199310303
1750620912.868444462,30000.0,24.511926651000977,70.4729232788086,-4.783939361572266,-0.004151311703026295,0.0013837706064805388,0.08579377084970474,0.9963033199310303
1750620912.968508038,30500.0,24.589187622070312,70.79972839355469,-4.802829265594482,-0.004151311703026295,0.0027675412129610777,0.09271262586116791,0.9956803917884827
1750620913.69411714,30500.0,24.66683006286621,71.1272964477539,-4.821715831756592,-0.004151311703026295,0.0027675412129610777,0.0982477143406868,0.9951494932174683
1750620913.169447279,31000.0,24.744836807250977,71.45570373535156,-4.84063196182251,-0.004151311703026295,0.0027675412129610777,0.10239902138710022,0.9947308897972107
1750620913.268492902,31500.0,24.82318687438965,71.78487396240234,-4.8596906661987305,-0.004151311703026295,0.0027675412129610777,0.10378279536962509,0.9945874810218811
1750620913.368507607,31500.0,24.901840209960938,72.11480712890625,-4.878681182861328,-0.004151311703026295,0.0013837706064805388,0.10378279536962509,0.9945904016494751
1750620913.469499469,32000.0,24.980695724487305,72.44548797607422,-4.897623062133789,-0.0027675412129610777,0.0013837706064805388,0.10378279536962509,0.9945951700210571
1750620913.568454131,32500.0,25.05972671508789,72.77687072753906,-4.916579723358154,-0.0027675412129610777,0.0013837706064805388,0.10239902138710022,0.9947385787963867
1750620913.669424683,32500.0,25.138967514038086,73.1090087890625,-4.935458660125732,-0.0027675412129610777,0.0013837706064805388,0.10101525485515594,0.9948800802230835
1750620913.769455919,33000.0,25.21842384338379,73.4417953491211,-4.954319000244141,-0.004151311703026295,0.0013837706064805388,0.10101525485515594,0.9948752522468567
1750620913.868442201,33000.0,25.298084259033203,73.77531433105469,-4.973186492919922,-0.0027675412129610777,0.0013837706064805388,0.09963148087263107,0.9950195550918579
1750620913.968467697,33500.0,25.377918243408203,74.10954284667969,-4.992145538330078,-0.0027675412129610777,0.0013837706064805388,0.09548017382621765,0.9954265356063843
1750620914.68436115,34000.0,25.457874298095703,74.44446563720703,-5.011146545410156,-0.004151311703026295,0.0,0.09271262586116791,0.9956842660903931
1750620914.168439889,34000.0,25.53788948059082,74.78012084960938,-5.030306816101074,-0.004151311703026295,0.0,0.09132885932922363,0.9958121180534363
1750620914.268468480,34500.0,25.617971420288086,75.11649322509766,-5.049523830413818,-0.004151311703026295,0.0,0.08856131881475449,0.9960620403289795
1750620914.369466293,34500.0,25.698068618774414,75.45365142822266,-5.068565845489502,-0.004151311703026295,0.0,0.08579377084970474,0.9963042736053467
1750620914.468443408,35000.0,25.77816390991211,75.79155731201172,-5.087644100189209,-0.004151311703026295,0.0,0.08441001176834106,0.9964224696159363
1750620914.569461278,35000.0,25.858198165893555,76.13028717041016,-5.106677532196045,-0.004151311703026295,-0.0,0.08579377084970474,0.9963042736053467
1750620914.669433604,35500.0,25.938142776489258,76.46988677978516,-5.125789165496826,-0.004151311703026295,-0.0,0.08441001176834106,0.9964224696159363
1750620914.769415567,36000.0,26.017967224121094,76.81027221679688,-5.144979953765869,-0.004151311703026295,-0.0,0.08441001176834106,0.9964224696159363
1750620914.868448056,36000.0,26.097665786743164,77.15142059326172,-5.163974761962891,-0.004151311703026295,-0.0027675412129610777,0.08025868982076645,0.9967616200447083
1750620914.968455618,36500.0,26.176769256591797,77.49323272705078,-5.182921409606934,-0.0013837706064805388,-0.005535082425922155,0.0774911567568779,0.9969767332077026
1750620915.68438493,37000.0,26.254779815673828,77.83544921875,-5.201220989227295,-0.0027675412129610777,-0.006918853148818016,0.0774911567568779,0.9969651699066162
1750620915.168461303,37000.0,26.331443786621094,78.17806243896484,-5.219967365264893,-0.0013837706064805388,-0.005535082425922155,0.07610738277435303,0.997083306312561
1750620915.268455159,37000.0,26.406940460205078,78.52108001708984,-5.237549781799316,-0.0027675412129610777,-0.006918853148818016,0.07472360879182816,0.997176468372345
1750620915.368445388,37000.0,26.481088638305664,78.86459350585938,-5.253912448883057,-0.004151311703026295,-0.00830262340605259,0.07333984225988388,0.9972637891769409
1750620915.468438543,37000.0,26.555301666259766,79.21556854248047,-5.270487308502197,-0.0013837706064805388,-0.005535082425922155,0.07057230174541473,0.9974903464317322
1750620915.568421789,37000.0,26.62689208984375,79.55986022949219,-5.287963390350342,-0.0013837706064805388,-0.006918853148818016,0.06780476123094559,0.9976736903190613
1750620915.667439780,37000.0,26.69725799560547,79.90414428710938,-5.306698799133301,0.0013837706064805388,-0.005535082425922155,0.062269676476716995,0.9980430603027344
1750620915.767448414,37000.0,26.7664794921875,80.24822998046875,-5.329635143280029,0.0013837706064805388,-0.005535082425922155,0.05535082519054413,0.9984506368637085
1750620915.869467807,37000.0,26.834672927856445,80.59217071533203,-5.354759693145752,0.0,-0.0027675412129610777,0.05119951069355011,0.9986845850944519
1750620915.968439712,37000.0,26.90224838256836,80.93665313720703,-5.371126174926758,-0.0027675412129610777,-0.004151311703026295,0.04704819992184639,0.99888014793396
1750620916.68442114,37000.0,26.969024658203125,81.28156280517578,-5.38427209854126,0.0013837706064805388,-0.006918853148818016,0.04289688542485237,0.9990546107292175
1750620916.167470986,37500.0,27.034526824951172,81.62605285644531,-5.399419784545898,0.0027675412129610777,-0.006918853148818016,0.03321049362421036,0.9994205832481384
1750620916.268450134,38000.0,27.098644256591797,81.9699935913086,-5.416019439697266,0.0,-0.00830262340605259,0.019372789189219475,0.9997778534889221
1750620916.368443128,38000.0,27.161231994628906,82.31388854980469,-5.434385776519775,-0.0027675412129610777,-0.00830262340605259,0.0,0.9999616742134094
1750620916.468455078,38500.0,27.222400665283203,82.6583251953125,-5.453617572784424,-0.0027675412129610777,-0.0027675412129610777,-0.01660524681210518,0.9998544454574585
1750620916.567549132,38500.0,27.282751083374023,83.00333404541016,-5.47467041015625,-0.005535082425922155,-0.005535082425922155,-0.03044295310974121,0.9995058178901672
1750620916.668446957,38500.0,27.342166900634766,83.34918975830078,-5.498189449310303,-0.006918853148818016,-0.006918853148818016,-0.04428065940737724,0.9989712238311768
1750620916.767435874,39000.0,27.40040397644043,83.6942367553711,-5.521424770355225,0.08579377084970474,-0.0013837706064805388,-0.11762050539255142,0.9893447160720825
1750620916.868434238,39500.0,27.45696258544922,84.02550506591797,-5.536420822143555,0.03321049362421036,0.0027675412129610777,-0.15221476554870605,0.9877853989601135
1750620916.967456207,39500.0,27.512842178344727,84.34957885742188,-5.55417537689209,0.006918853148818016,-0.0,-0.1757388561964035,0.9844124913215637
1750620917.68447057,40000.0,27.568317413330078,84.67219543457031,-5.57937479019165,-0.004151311703026295,-0.0027675412129610777,-0.1909603476524353,0.9815850853919983
1750620917.168407971,40000.0,27.623367309570312,84.99562072753906,-5.610349655151367,-0.006918853148818016,-0.004151311703026295,-0.20064672827720642,0.9796304106712341
1750620917.267468993,40000.0,27.677888870239258,85.32056427001953,-5.646547317504883,-0.00830262340605259,-0.005535082425922155,-0.2061818242073059,0.978462815284729
1750620917.367408217,40500.0,27.731679916381836,85.64726257324219,-5.688107013702393,-0.00830262340605259,-0.006918853148818016,-0.20894935727119446,0.9778667688369751
1750620917.468422380,40500.0,27.784608840942383,85.97567749023438,-5.734894275665283,-0.006918853148818016,-0.006918853148818016,-0.211716890335083,0.9772820472717285
1750620917.567468044,41000.0,27.83654022216797,86.3056869506836,-5.785891532897949,-0.005535082425922155,-0.005535082425922155,-0.21310067176818848,0.9769989252090454
1750620917.668511983,41500.0,27.88752555847168,86.63707733154297,-5.839260101318359,-0.004151311703026295,-0.005535082425922155,-0.21448443830013275,0.9767029285430908
1750620917.767437461,41500.0,27.937602996826172,86.9696044921875,-5.896403789520264,-0.004151311703026295,-0.005535082425922155,-0.21586820483207703,0.9763979911804199
1750620917.868505406,42000.0,27.986770629882812,87.30303192138672,-5.955996513366699,-0.0027675412129610777,-0.005535082425922155,-0.2172519862651825,0.9760959148406982
1750620917.968508038,42000.0,28.0349063873291,87.63715362548828,-6.0134687423706055,-0.0013837706064805388,-0.006918853148818016,-0.21863575279712677,0.9757810235023499
1750620918.68483710,42500.0,28.081811904907227,87.97191619873047,-6.067281246185303,-0.0013837706064805388,-0.006918853148818016,-0.22001951932907104,0.9754699468612671
1750620918.167451918,42500.0,28.12736701965332,88.30728149414062,-6.116174221038818,-0.0013837706064805388,-0.006918853148818016,-0.22001951932907104,0.9754699468612671
1750620918.267446154,42500.0,28.171550750732422,88.64325714111328,-6.160295486450195,-0.0013837706064805388,-0.006918853148818016,-0.22001951932907104,0.9754699468612671
1750620918.368481718,43000.0,28.21441650390625,88.97978210449219,-6.199891567230225,-0.0,-0.006918853148818016,-0.21863575279712677,0.9757819771766663
1750620918.467723761,43500.0,28.25588035583496,89.31671905517578,-6.234042644500732,0.0,-0.006918853148818016,-0.21586820483207703,0.9763979911804199
1750620918.568450184,43500.0,28.295902252197266,89.65389251708984,-6.261993408203125,0.0013837706064805388,-0.006918853148818016,-0.21310067176818848,0.9770047664642334
1750620918.668468315,44000.0,28.334497451782227,89.9911880493164,-6.282822132110596,0.0013837706064805388,-0.006918853148818016,-0.21033313870429993,0.977604329586029
1750620918.768499060,44000.0,28.371763229370117,90.32857513427734,-6.299041271209717,0.0013837706064805388,-0.005535082425922155,-0.20894935727119446,0.9779098033905029
1750620918.868477367,44000.0,28.407793045043945,90.66602325439453,-6.311073303222656,0.0013837706064805388,-0.005535082425922155,-0.2061818242073059,0.9784970879554749
1750620918.967504746,44000.0,28.4426212310791,91.0035629272461,-6.3161821365356445,0.0,-0.006918853148818016,-0.20341427624225616,0.9790683388710022
1750620919.67491539,44000.0,28.47625732421875,91.34136962890625,-6.314424991607666,-0.0013837706064805388,-0.005535082425922155,-0.2020305097103119,0.9793626070022583
1750620919.168522123,44000.0,28.509008407592773,91.68305206298828,-6.3064093589782715,-0.0013837706064805388,-0.006918853148818016,-0.20064672827720642,0.9796382784843445
1750620919.267480723,44000.0,28.54010581970215,92.02198791503906,-6.293042182922363,-0.0013837706064805388,-0.006918853148818016,-0.20064672827720642,0.9796382784843445
1750620919.367536145,44000.0,28.569786071777344,92.36160278320312,-6.274247169494629,-0.0013837706064805388,-0.00830262340605259,-0.20064672827720642,0.9796274900436401
1750620919.467503441,44000.0,28.598003387451172,92.70191192626953,-6.249934673309326,-0.0013837706064805388,-0.006918853148818016,-0.2020305097103119,0.9793537855148315
1750620919.567553282,44000.0,28.624847412109375,93.04298400878906,-6.2203497886657715,-0.0027675412129610777,-0.006918853148818016,-0.2020305097103119,0.9793508648872375
1750620919.667506702,43500.0,28.650333404541016,93.384765625,-6.1855340003967285,-0.0013837706064805388,-0.006918853148818016,-0.2020305097103119,0.9793537855148315
1750620919.767548518,43500.0,28.67453384399414,93.72716522216797,-6.148958206176758,-0.0027675412129610777,-0.006918853148818016,-0.2020305097103119,0.9793508648872375
1750620919.868531443,43500.0,28.697595596313477,94.07023620605469,-6.112294673919678,-0.0027675412129610777,-0.005535082425922155,-0.20341427624225616,0.979073166847229
1750620919.968499580,43500.0,28.719558715820312,94.41400909423828,-6.072875499725342,-0.0027675412129610777,-0.006918853148818016,-0.20341427624225616,0.979064404964447
1750620920.68463640,43000.0,28.74034881591797,94.75846862792969,-6.030538082122803,-0.0013837706064805388,-0.006918853148818016,-0.2020305097103119,0.9793537855148315
1750620920.167506027,42500.0,28.75990104675293,95.10358428955078,-5.986325263977051,-0.0027675412129610777,-0.006918853148818016,-0.20064672827720642,0.9796353578567505
1750620920.267491958,42500.0,28.778196334838867,95.44947814941406,-5.941452503204346,-0.0027675412129610777,-0.006918853148818016,-0.19926296174526215,0.9799177050590515
1750620920.368459785,42000.0,28.795251846313477,95.79625701904297,-5.896889686584473,-0.004151311703026295,-0.006918853148818016,-0.19787918031215668,0.9801931977272034
1750620920.467530115,42000.0,28.8111629486084,96.14401245117188,-5.853431224822998,-0.0027675412129610777,-0.006918853148818016,-0.1964954286813736,0.980476438999176
1750620920.567468727,42000.0,28.825939178466797,96.49272155761719,-5.811924934387207,-0.004151311703026295,-0.006918853148818016,-0.1964954286813736,0.9804715514183044
1750620920.667509110,42000.0,28.839519500732422,96.84235382080078,-5.772727012634277,-0.0027675412129610777,-0.006918853148818016,-0.19511166214942932,0.98075270652771
1750620920.767517042,42000.0,28.85195541381836,97.19281005859375,-5.73862361907959,-0.0027675412129610777,-0.006918853148818016,-0.19511166214942932,0.98075270652771
1750620920.867502883,42000.0,28.863222122192383,97.54402923583984,-5.709553241729736,-0.0027675412129610777,-0.006918853148818016,-0.1964954286813736,0.980476438999176
1750620920.967485097,42000.0,28.87327766418457,97.8960952758789,-5.6822943687438965,-0.0027675412129610777,-0.006918853148818016,-0.19926296174526215,0.9799177050590515
1750620921.67472822,42000.0,28.88210105895996,98.24907684326172,-5.656203269958496,-0.004151311703026295,-0.006918853148818016,-0.2020305097103119,0.979345977306366
1750620921.167485763,42000.0,28.88969612121582,98.60313415527344,-5.63042688369751,-0.004151311703026295,-0.006918853148818016,-0.2061818242073059,0.9784803986549377
1750620921.267478106,42000.0,28.89604377746582,98.95822143554688,-5.604847431182861,-0.004151311703026295,-0.006918853148818016,-0.2061818242073059,0.9784803986549377
1750620921.367515073,41500.0,28.90125274658203,99.31436157226562,-5.579533576965332,-0.004151311703026295,-0.005535082425922155,-0.20479804277420044,0.9787797927856445
1750620921.467479604,41500.0,28.90549659729004,99.67155456542969,-5.554961204528809,-0.006918853148818016,-0.005535082425922155,-0.20341427624225616,0.9790526628494263
1750620921.568520037,41000.0,28.908981323242188,100.03004455566406,-5.533041477203369,-0.005535082425922155,-0.005535082425922155,-0.2020305097103119,0.9793479442596436
1750620921.667429394,40500.0,-4.981428355677053e-05,-4.9453145038569346e-05,-0.0019825345370918512,-0.0,-0.0027675412129610777,-0.0027675412129610777,0.999992311000824
1750620921.767507038,40500.0,-0.00048759134369902313,-6.482701428467408e-05,-0.010338456369936466,-0.0013837706064805388,-0.004151311703026295,-0.006918853148818016,0.9999665021896362
1750620921.867526191,40500.0,-0.0016152604948729277,0.00015844832523725927,-0.025906888768076897,-0.0013837706064805388,-0.005535082425922155,-0.01107016485184431,0.9999224543571472
1750620921.968466977,40500.0,-0.0037221487145870924,0.0006602517096325755,-0.04583228752017021,-0.0027675412129610777,-0.005535082425922155,-0.015221476554870605,0.9998649954795837
1750620922.67491020,40500.0,-0.00690505001693964,0.0015174368163570762,-0.069953054189682,-0.0027675412129610777,-0.005535082425922155,-0.02214032970368862,0.9997357130050659
1750620922.167496067,40500.0,-0.011134576052427292,0.002846440998837352,-0.09859289228916168,-0.0027675412129610777,-0.005535082425922155,-0.027675412595272064,0.9995977878570557
1750620922.267478411,40500.0,-0.016326934099197388,0.004680847283452749,-0.13187871873378754,-0.0027675412129610777,-0.005535082425922155,-0.031826723366975784,0.9994742274284363
1750620922.367563288,40500.0,-0.022465068846940994,0.007021008059382439,-0.16935114562511444,-0.0027675412129610777,-0.005535082425922155,-0.035978034138679504,0.9993334412574768
1750620922.468490478,40500.0,-0.029559509828686714,0.009802093729376793,-0.21120770275592804,-0.0013837706064805388,-0.005535082425922155,-0.041513118892908096,0.9991216659545898
1750620922.567505133,40500.0,-0.03765998035669327,0.012941346503794193,-0.2571694254875183,-0.0027675412129610777,-0.005535082425922155,-0.049815740436315536,0.9987392425537109
1750620922.667597755,40500.0,-0.046824898570775986,0.016530349850654602,-0.30594322085380554,-0.0027675412129610777,-0.005535082425922155,-0.05950213596224785,0.9982089996337891
1750620922.767540735,40500.0,-0.05703764036297798,0.020648611709475517,-0.359663188457489,-0.0027675412129610777,-0.005535082425922155,-0.06918852776288986,0.9975844025611877
1750620922.867480870,40500.0,-0.06832009553909302,0.025322608649730682,-0.41911080479621887,-0.0027675412129610777,-0.006918853148818016,-0.07887492328882217,0.996856689453125
1750620922.967521173,40500.0,-0.08080187439918518,0.030626213178038597,-0.48117151856422424,-0.0027675412129610777,-0.006918853148818016,-0.08717754483222961,0.9961649179458618
1750620923.67682724,40500.0,-0.09460221230983734,0.036555882543325424,-0.5462474226951599,-0.0027675412129610777,-0.006918853148818016,-0.09271262586116791,0.9956650137901306
1750620923.167498114,41000.0,-0.10977538675069809,0.04305141419172287,-0.6149783134460449,-0.0027675412129610777,-0.00830262340605259,-0.09963148087263107,0.9949859380722046
1750620923.267511427,41000.0,-0.12633004784584045,0.05010184273123741,-0.6869397759437561,-0.0013837706064805388,-0.00830262340605259,-0.10655033588409424,0.9942716956138611
1750620923.367507958,41500.0,-0.14429880678653717,0.057661272585392,-0.760637640953064,-0.0013837706064805388,-0.006918853148818016,-0.1134691834449768,0.9935164451599121
1750620923.467488979,41500.0,-0.1637357473373413,0.0655648335814476,-0.8351171016693115,0.0,-0.00830262340605259,-0.12315557897090912,0.9923526048660278
1750620923.567482995,42000.0,-0.1846747249364853,0.07362159341573715,-0.9093358516693115,0.0013837706064805388,-0.006918853148818016,-0.1342257410287857,0.990925669670105
1750620923.667494725,42000.0,-0.2071128636598587,0.08170019090175629,-0.9820228815078735,0.0013837706064805388,-0.00830262340605259,-0.14391213655471802,0.9895546436309814
1750620923.767420443,42500.0,-0.23106704652309418,0.08975861966609955,-1.0550317764282227,0.0013837706064805388,-0.006918853148818016,-0.1549823135137558,0.9878920316696167
1750620923.867475954,42500.0,-0.2565031051635742,0.09775912016630173,-1.1277658939361572,0.0013837706064805388,-0.006918853148818016,-0.16605247557163239,0.986091673374176
1750620923.967512020,43000.0,-0.2834089994430542,0.10571296513080597,-1.1963775157928467,0.0013837706064805388,-0.006918853148818016,-0.1757388561964035,0.9844115376472473
1750620924.68470308,43500.0,-0.3118131160736084,0.11368457227945328,-1.2598460912704468,0.0013837706064805388,-0.006918853148818016,-0.18542525172233582,0.9826330542564392
1750620924.167483581,43500.0,-0.3417079746723175,0.12175323069095612,-1.3178813457489014,0.0013837706064805388,-0.006918853148818016,-0.19234411418437958,0.9813022017478943
1750620924.267479200,43500.0,-0.37302881479263306,0.13000985980033875,-1.369934320449829,0.0,-0.006918853148818016,-0.20064672827720642,0.9796392321586609
1750620924.367453780,43500.0,-0.4056951403617859,0.13851815462112427,-1.415701150894165,-0.0,-0.006918853148818016,-0.20756559073925018,0.9781966209411621
1750620924.467456893,43500.0,-0.4396277368068695,0.14731647074222565,-1.4555144309997559,-0.0,-0.005535082425922155,-0.21310067176818848,0.9770146012306213
1750620924.567443595,43500.0,-0.47471150755882263,0.15649643540382385,-1.489553689956665,-0.0013837706064805388,-0.005535082425922155,-0.2172519862651825,0.976098895072937
1750620924.667450265,43500.0,-0.5109092593193054,0.16619214415550232,-1.5184684991836548,-0.0013837706064805388,-0.005535082425922155,-0.22001951932907104,0.9754787683486938
1750620924.767406981,43500.0,-0.548236072063446,0.17638975381851196,-1.5453828573226929,-0.0,-0.005535082425922155,-0.2227870672941208,0.9748514294624329
1750620924.867472512,43500.0,-0.586719274520874,0.1869560182094574,-1.5705968141555786,-0.0,-0.006918853148818016,-0.22417084872722626,0.9745253324508667
1750620924.967471107,43500.0,-0.6265072822570801,0.19795124232769012,-1.5907219648361206,-0.0,-0.006918853148818016,-0.22555460035800934,0.9742059707641602
1750620925.67465173,43500.0,-0.6676127910614014,0.20932911336421967,-1.605729341506958,-0.0,-0.005535082425922155,-0.22555460035800934,0.9742147922515869
1750620925.167534320,43000.0,-0.7099697589874268,0.22106344997882843,-1.6155613660812378,-0.0,-0.005535082425922155,-0.22417084872722626,0.9745341539382935
1750620925.267465889,43000.0,-0.7534396648406982,0.23321057856082916,-1.6212645769119263,-0.0013837706064805388,-0.005535082425922155,-0.22417084872722626,0.9745331406593323
1750620925.367453183,42500.0,-0.7978906035423279,0.2458687424659729,-1.6243994235992432,-0.0013837706064805388,-0.004151311703026295,-0.22417084872722626,0.9745400547981262
1750620925.467477185,42500.0,-0.8432392477989197,0.25906509160995483,-1.6264609098434448,-0.0013837706064805388,-0.005535082425922155,-0.22417084872722626,0.9745331406593323
1750620925.567422209,42000.0,-0.8895713686943054,0.2727314531803131,-1.6281884908676147,-0.0,-0.005535082425922155,-0.22417084872722626,0.9745341539382935
1750620925.667452073,42000.0,-0.9370331168174744,0.28675925731658936,-1.6303493976593018,-0.0,-0.005535082425922155,-0.22555460035800934,0.9742147922515869
1750620925.767450066,42000.0,-0.9856421947479248,0.3010859191417694,-1.6365128755569458,0.0,-0.006918853148818016,-0.22555460035800934,0.9742059707641602
1750620925.867495128,42000.0,-1.0353941917419434,0.31560826301574707,-1.6469495296478271,0.0013837706064805388,-0.005535082425922155,-0.22555460035800934,0.9742138385772705
1750620925.967418953,42000.0,-1.0862972736358643,0.33019086718559265,-1.658372402191162,0.0013837706064805388,-0.005535082425922155,-0.2227870672941208,0.9748504161834717
1750620926.66507948,42000.0,-1.1383553743362427,0.344739705324173,-1.6706818342208862,0.0013837706064805388,-0.005535082425922155,-0.22001951932907104,0.9754787683486938
1750620926.167538382,42000.0,-1.191550612449646,0.359221488237381,-1.6837718486785889,0.0013837706064805388,-0.005535082425922155,-0.21863575279712677,0.9757898449897766
1750620926.267527749,42000.0,-1.2458726167678833,0.3736477196216583,-1.6973718404769897,0.0013837706064805388,-0.005535082425922155,-0.2172519862651825,0.976098895072937
1750620926.366488253,42000.0,-1.3013110160827637,0.3880630135536194,-1.7112149000167847,0.0013837706064805388,-0.005535082425922155,-0.21586820483207703,0.9764058589935303
1750620926.467467220,42000.0,-1.3538579940795898,0.40145495533943176,-1.7244423627853394,0.0013837706064805388,-0.005535082425922155,-0.21448443830013275,0.9767107367515564
1750620926.567463821,42000.0,-1.4113825559616089,0.4158172309398651,-1.7390649318695068,0.0013837706064805388,-0.005535082425922155,-0.21310067176818848,0.9770135879516602
1750620926.666458719,42000.0,-1.4699316024780273,0.4301583468914032,-1.754016637802124,0.0013837706064805388,-0.005535082425922155,-0.21310067176818848,0.9770135879516602
1750620926.767452936,42000.0,-1.5295125246047974,0.444469690322876,-1.7714627981185913,0.0013837706064805388,-0.005535082425922155,-0.211716890335083,0.9773143529891968
1750620926.867429850,42000.0,-1.5901087522506714,0.458793967962265,-1.7927420139312744,0.0,-0.005535082425922155,-0.211716890335083,0.977315366268158
1750620926.967454173,42000.0,-1.6517995595932007,0.4732114374637604,-1.8146450519561768,0.0,-0.005535082425922155,-0.211716890335083,0.977315366268158
1750620927.67467305,42000.0,-1.7146109342575073,0.48780161142349243,-1.836952805519104,0.0,-0.005535082425922155,-0.211716890335083,0.977315366268158
1750620927.167441634,42000.0,-1.7785732746124268,0.5026400685310364,-1.859500765800476,-0.0,-0.005535082425922155,-0.211716890335083,0.977315366268158
1750620927.267453063,42000.0,-1.8437063694000244,0.5177643299102783,-1.8822368383407593,-0.0,-0.005535082425922155,-0.21033313870429993,0.9776141047477722
1750620927.367447169,42000.0,-1.9100497961044312,0.533193826675415,-1.9052554368972778,0.0,-0.006918853148818016,-0.21033313870429993,0.9776052832603455
1750620927.466478776,42000.0,-1.9776839017868042,0.5489317774772644,-1.9286506175994873,-0.0,-0.006918853148818016,-0.20894935727119446,0.9779019951820374
1750620927.566552412,42000.0,-2.0466694831848145,0.5649863481521606,-1.9523874521255493,0.0,-0.006918853148818016,-0.20756559073925018,0.9781966209411621
1750620927.666494180,41500.0,-2.1170735359191895,0.5813649296760559,-1.97647225856781,-0.0,-0.00830262340605259,-0.20756559073925018,0.9781858921051025
1750620927.766487725,41500.0,-2.188883066177368,0.5980857610702515,-2.004288911819458,-0.0,-0.00830262340605259,-0.20756559073925018,0.9781858921051025
1750620927.866470520,41000.0,-2.2621052265167236,0.6152412295341492,-2.037795066833496,-0.0,-0.006918853148818016,-0.20756559073925018,0.9781966209411621
1750620927.966475026,41000.0,-2.33677339553833,0.6328511238098145,-2.0744738578796387,-0.0013837706064805388,-0.00830262340605259,-0.20756559073925018,0.9781848788261414
1750620928.66445448,40500.0,-2.4129269123077393,0.6509512662887573,-2.114670515060425,-0.0013837706064805388,-0.00830262340605259,-0.20756559073925018,0.9781848788261414
1750620928.166508795,40500.0,-2.4905788898468018,0.669560432434082,-2.159233808517456,-0.0013837706064805388,-0.00830262340605259,-0.2061818242073059,0.9784774780273438
1750620928.266481461,40500.0,-2.5697264671325684,0.6886753439903259,-2.2084789276123047,-0.0,-0.00830262340605259,-0.2061818242073059,0.9784784913063049
1750620928.366455629,40500.0,-2.6503374576568604,0.7082425951957703,-2.262359619140625,0.0,-0.006918853148818016,-0.2061818242073059,0.9784892201423645
1750620928.466505681,40500.0,-2.7322871685028076,0.7281008362770081,-2.3213937282562256,0.0013837706064805388,-0.006918853148818016,-0.20756559073925018,0.9781956672668457
1750620928.566441828,40500.0,-2.81559681892395,0.7480619549751282,-2.3855369091033936,0.0027675412129610777,-0.006918853148818016,-0.20756559073925018,0.9781927466392517
1750620928.666488934,40500.0,-2.9002487659454346,0.7679274678230286,-2.454345941543579,0.0027675412129610777,-0.006918853148818016,-0.2061818242073059,0.9784853458404541
1750620928.765457733,40500.0,-2.9862024784088135,0.7874429225921631,-2.529574155807495,0.005535082425922155,-0.005535082425922155,-0.20479804277420044,0.9787729382514954
1750620928.866490131,40500.0,-3.073352336883545,0.8062875866889954,-2.6126456260681152,0.005535082425922155,-0.005535082425922155,-0.2020305097103119,0.9793479442596436
1750620928.966450163,40500.0,-3.161726236343384,0.8243626356124878,-2.7001140117645264,0.005535082425922155,-0.005535082425922155,-0.19787918031215668,0.980195164680481
1750620929.66515213,40500.0,-3.2513325214385986,0.8416730761528015,-2.7916343212127686,0.004151311703026295,-0.005535082425922155,-0.19372788071632385,0.9810309410095215
1750620929.166510391,40500.0,-3.3421573638916016,0.8583196997642517,-2.887147903442383,0.004151311703026295,-0.005535082425922155,-0.1909603476524353,0.9815733432769775
1750620929.266519396,40500.0,-3.4341533184051514,0.8744726181030273,-2.9866318702697754,0.004151311703026295,-0.005535082425922155,-0.18957656621932983,0.9818415641784668
1750620929.366479749,41000.0,-3.5272557735443115,0.8902009725570679,-3.09022855758667,0.0027675412129610777,-0.005535082425922155,-0.18957656621932983,0.9818464517593384
1750620929.466543877,41000.0,-3.6214425563812256,0.9055711627006531,-3.197150230407715,0.0027675412129610777,-0.005535082425922155,-0.1909603476524353,0.9815782308578491
1750620929.567411745,41500.0,-3.7168357372283936,0.9206550121307373,-3.306514263153076,0.0013837706064805388,-0.006918853148818016,-0.19234411418437958,0.9813022017478943
1750620929.665471927,41500.0,-3.8136658668518066,0.935585081577301,-3.4170479774475098,0.0013837706064805388,-0.00830262340605259,-0.1964954286813736,0.9804685711860657
1750620929.765445975,42000.0,-3.912065029144287,0.9505714774131775,-3.5301926136016846,0.0013837706064805388,-0.006918853148818016,-0.20479804277420044,0.9787788391113281
1750620929.866508299,42000.0,-4.01194953918457,0.9656187891960144,-3.6464192867279053,0.0013837706064805388,-0.006918853148818016,-0.21586820483207703,0.9763970375061035
1750620929.966418408,42500.0,-4.1133856773376465,0.9807135462760925,-3.7611069679260254,0.0013837706064805388,-0.00830262340605259,-0.22832214832305908,0.9735492467880249
1750620930.66485611,43000.0,-4.217529296875,0.9960126280784607,-3.874439001083374,0.0027675412129610777,-0.00830262340605259,-0.24215984344482422,0.9701969027519226
1750620930.166495928,43000.0,-4.322437763214111,1.0111554861068726,-3.984266996383667,0.0027675412129610777,-0.009686394594609737,-0.2532300353050232,0.9673536419868469
1750620930.266415895,43500.0,-4.429321765899658,1.026320219039917,-4.091265678405762,0.0027675412129610777,-0.009686394594609737,-0.26153263449668884,0.9651420712471008
1750620930.366413057,43500.0,-4.538303375244141,1.0414048433303833,-4.194891452789307,0.004151311703026295,-0.009686394594609737,-0.26706773042678833,0.963620126247406
1750620930.465456617,44000.0,-4.649439811706543,1.0563164949417114,-4.29469108581543,0.0027675412129610777,-0.009686394594609737,-0.2698352634906769,0.9628537893295288
1750620930.566458197,44000.0,-4.762816905975342,1.0711666345596313,-4.389243125915527,0.0027675412129610777,-0.01107016485184431,-0.27260279655456543,0.962058961391449
1750620930.666464105,44500.0,-4.8784260749816895,1.0860791206359863,-4.47783088684082,0.0013837706064805388,-0.009686394594609737,-0.27537035942077637,0.9612883925437927
1750620930.765468341,45000.0,-4.996058940887451,1.10128915309906,-4.5616865158081055,0.0013837706064805388,-0.009686394594609737,-0.27537035942077637,0.9612883925437927
1750620930.866477646,45000.0,-5.115671634674072,1.116848349571228,-4.640076160430908,0.0013837706064805388,-0.009686394594609737,-0.27537035942077637,0.9612883925437927
1750620930.965459279,45000.0,-5.237330436706543,1.132639765739441,-4.708343982696533,0.0027675412129610777,-0.00830262340605259,-0.2781378924846649,0.9605013132095337
1750620931.66451712,45500.0,-5.360937118530273,1.1483994722366333,-4.7666497230529785,0.0027675412129610777,-0.00830262340605259,-0.2836729884147644,0.958881139755249
1750620931.166474442,45500.0,-5.486421585083008,1.163933515548706,-4.813382148742676,0.0027675412129610777,-0.00830262340605259,-0.28644049167633057,0.9580580592155457
1750620931.266448460,45500.0,-5.613799095153809,1.1794222593307495,-4.8487091064453125,0.0027675412129610777,-0.009686394594609737,-0.2892080545425415,0.9572132229804993
1750620931.366482632,45500.0,-5.7431416511535645,1.1950544118881226,-4.872642993927002,0.0013837706064805388,-0.006918853148818016,-0.2933593690395355,0.9559761881828308
1750620931.466485555,45000.0,-5.8741559982299805,1.2109568119049072,-4.885602951049805,-0.0,-0.006918853148818016,-0.2947431206703186,0.9555514454841614
1750620931.566459263,45000.0,-6.006545543670654,1.2272920608520508,-4.88923978805542,-0.0013837706064805388,-0.006918853148818016,-0.2933593690395355,0.9559761881828308
1750620931.665505327,44500.0,-6.140228748321533,1.2442355155944824,-4.885056018829346,-0.0013837706064805388,-0.006918853148818016,-0.29197558760643005,0.9563997387886047
1750620931.766580385,44500.0,-6.275227069854736,1.2618476152420044,-4.876194953918457,-0.0027675412129610777,-0.00830262340605259,-0.2905918061733246,0.9568070769309998
1750620931.865503128,44000.0,-6.4115824699401855,1.2803239822387695,-4.86423397064209,-0.0027675412129610777,-0.00830262340605259,-0.2905918061733246,0.9568070769309998
1750620931.965497344,43500.0,-6.549335956573486,1.2997496128082275,-4.847867012023926,-0.0027675412129610777,-0.00830262340605259,-0.29197558760643005,0.9563857316970825
1750620932.66436347,43500.0,-6.688528060913086,1.3201477527618408,-4.828542232513428,-0.0027675412129610777,-0.00830262340605259,-0.29197558760643005,0.9563857316970825
1750620932.165451142,43000.0,-6.829184055328369,1.3414894342422485,-4.807300567626953,-0.0027675412129610777,-0.00830262340605259,-0.2933593690395355,0.9559621810913086
1750620932.266522453,43000.0,-6.971294403076172,1.3638012409210205,-4.784700393676758,-0.0027675412129610777,-0.00830262340605259,-0.2933593690395355,0.9559621810913086
1750620932.366512592,42500.0,-7.114899635314941,1.3870840072631836,-4.762182235717773,-0.0027675412129610777,-0.009686394594609737,-0.2933593690395355,0.9559491872787476
1750620932.466518851,42000.0,-7.260021209716797,1.4113677740097046,-4.740883827209473,-0.0027675412129610777,-0.00830262340605259,-0.29197558760643005,0.9563857316970825
1750620932.565534208,42000.0,-7.406670093536377,1.436603307723999,-4.721712589263916,-0.0013837706064805388,-0.009686394594609737,-0.29197558760643005,0.9563757181167603
1750620932.666530308,41500.0,-7.554888725280762,1.4626812934875488,-4.705406665802002,-0.0013837706064805388,-0.009686394594609737,-0.29197558760643005,0.9563757181167603
1750620932.765460705,41500.0,-7.704715728759766,1.4895738363265991,-4.694232940673828,-0.0027675412129610777,-0.009686394594609737,-0.2905918061733246,0.9567940831184387
1750620932.866496499,41000.0,-7.8561015129089355,1.5173474550247192,-4.690273761749268,-0.0013837706064805388,-0.009686394594609737,-0.29197558760643005,0.9563757181167603
1750620932.966481759,41000.0,-8.009101867675781,1.5458842515945435,-4.6901140213012695,-0.0,-0.009686394594609737,-0.2933593690395355,0.9559531807899475
1750620933.66446379,40500.0,-8.163787841796875,1.5750128030776978,-4.694554328918457,0.0,-0.009686394594609737,-0.2947431206703186,0.9555274248123169
1750620933.166492934,40500.0,-8.320277214050293,1.604727864265442,-4.704436302185059,-0.0,-0.01107016485184431,-0.2961269021034241,0.9550844430923462
1750620933.266486069,40500.0,-8.478663444519043,1.63503098487854,-4.720056056976318,-0.0,-0.009686394594609737,-0.2961269021034241,0.9550995230674744
1750620933.366461119,40500.0,-8.63878345489502,1.6659204959869385,-4.74210786819458,-0.0,-0.009686394594609737,-0.29751068353652954,0.9546693563461304
1750620933.465470575,40500.0,-8.802153587341309,1.697709560394287,-4.770995140075684,-0.0,-0.009686394594609737,-0.29751068353652954,0.9546693563461304
1750620933.565513894,40500.0,-8.968323707580566,1.7300740480422974,-4.799771308898926,0.00830262340605259,-0.03459426388144493,-0.2518462538719177,0.9671130776405334
1750620933.665498653,40500.0,-9.138958930969238,1.7625235319137573,-4.820950508117676,0.0013837706064805388,-0.01660524681210518,-0.21586820483207703,0.9762803316116333
1750620933.766470917,40500.0,-9.312788009643555,1.7954531908035278,-4.846391201019287,0.0,-0.01107016485184431,-0.19511166214942932,0.9807185530662537
1750620933.866581973,40500.0,-9.488576889038086,1.8286794424057007,-4.880414962768555,0.0013837706064805388,-0.00830262340605259,-0.18404148519039154,0.9828824400901794
1750620933.966510416,40500.0,-9.665997505187988,1.862038016319275,-4.919895172119141,0.0013837706064805388,-0.00830262340605259,-0.17989018559455872,0.9836506843566895
1750620934.67487781,40500.0,-9.844929695129395,1.8953815698623657,-4.964637756347656,0.0027675412129610777,-0.006918853148818016,-0.17712263762950897,0.9841605424880981
1750620934.165499511,40500.0,-10.026707649230957,1.928339958190918,-5.009415149688721,0.02214032970368862,-0.049815740436315536,-0.08164246380329132,0.9951696991920471
1750620934.265508726,40500.0,-10.217801094055176,1.9585517644882202,-5.048009872436523,0.006918853148818016,-0.02629164233803749,-0.027675412595272064,0.9992471933364868
1750620934.366479087,40500.0,-10.4149751663208,1.9869284629821777,-5.086790084838867,0.0027675412129610777,-0.013837706297636032,-0.0013837706064805388,0.9998994469642639
1750620934.466489193,40500.0,-10.615139961242676,2.0145723819732666,-5.129974842071533,0.0013837706064805388,-0.009686394594609737,0.012453935109078884,0.9998745918273926
1750620934.566474173,40500.0,-10.817148208618164,2.0417943000793457,-5.178452014923096,0.0013837706064805388,-0.006918853148818016,0.017989017069339752,0.9998133182525635
1750620934.666490100,40500.0,-11.020563125610352,2.068666696548462,-5.232181549072266,0.0013837706064805388,-0.006918853148818016,0.019372789189219475,0.999787449836731
1750620934.766519092,40500.0,-11.227798461914062,2.0935823917388916,-5.28687047958374,0.03736180439591408,-0.05396705120801926,0.17158754169940948,0.9829798340797424
1750620934.865483893,40500.0,-11.444384574890137,2.1103620529174805,-5.336137294769287,0.015221476554870605,-0.029059182852506638,0.24492739140987396,0.9689862728118896
1750620934.965473101,40500.0,-11.666484832763672,2.1217427253723145,-5.384299278259277,0.00830262340605259,-0.015221476554870605,0.2795216739177704,0.9599828124046326
1750620935.65455976,40500.0,-11.891016960144043,2.130753517150879,-5.436339378356934,0.004151311703026295,-0.006918853148818016,0.29751068353652954,0.9546843767166138
1750620935.165451675,40500.0,-12.116690635681152,2.1386027336120605,-5.493356227874756,0.0027675412129610777,-0.004151311703026295,0.3044295310974121,0.952521800994873
1750620935.265421836,40500.0,-12.343707084655762,2.14432692527771,-5.551064491271973,0.058118365705013275,-0.04428065940737724,0.4289688766002655,0.9003594517707825
1750620935.365493919,40500.0,-12.574373245239258,2.137291193008423,-5.599279880523682,0.03736180439591408,-0.03044295310974121,0.5313678979873657,0.8457691669464111
1750620935.465465954,40500.0,-12.806450843811035,2.119601249694824,-5.642361164093018,0.01660524681210518,-0.012453935109078884,0.5714972615242004,0.8203414082527161
1750620935.564469669,40500.0,-13.038890838623047,2.0978498458862305,-5.688246250152588,0.006918853148818016,-0.0027675412129610777,0.5936375856399536,0.8046979904174805
1750620935.665531021,40500.0,-13.271051406860352,2.074540138244629,-5.738601207733154,0.004151311703026295,0.0013837706064805388,0.6033239960670471,0.7974841594696045
1750620935.765534926,40500.0,-13.502668380737305,2.0507068634033203,-5.796096324920654,0.0027675412129610777,0.004151311703026295,0.6074752807617188,0.7943229079246521
1750620935.864369122,40500.0,-13.733475685119629,2.026686906814575,-5.860162258148193,0.03459426388144493,-0.00830262340605259,0.6406857967376709,0.7669785022735596
1750620935.965449520,40500.0,-13.962082862854004,1.9974379539489746,-5.916612148284912,0.03874557837843895,-0.009686394594609737,0.7690677642822266,0.63791823387146
1750620936.64407219,40500.0,-14.186545372009277,1.961175560951233,-5.965826988220215,0.019372789189219475,-0.0027675412129610777,0.8105553984642029,0.5853349566459656
1750620936.165500090,40500.0,-14.407976150512695,1.9217932224273682,-6.016942501068115,0.01107016485184431,0.0027675412129610777,0.8318440914154053,0.5548920035362244
1750620936.265451276,40500.0,-14.627363204956055,1.8814992904663086,-6.072434425354004,0.006918853148818016,0.005535082425922155,0.8418297171592712,0.5396705269813538
1750620936.365457775,40500.0,-14.845111846923828,1.8413532972335815,-6.133072853088379,0.004151311703026295,0.006918853148818016,0.8453603982925415,0.5341354608535767
1750620936.465465888,40500.0,-15.061426162719727,1.8017849922180176,-6.199329853057861,0.0027675412129610777,0.006918853148818016,0.8462387919425964,0.5327516794204712
1750620936.564435569,40500.0,-15.276603698730469,1.7629766464233398,-6.269998550415039,0.0013837706064805388,0.006918853148818016,0.8462421894073486,0.5327516794204712
1750620936.665452758,40500.0,-15.490830421447754,1.7250583171844482,-6.344524383544922,0.0,0.006918853148818016,0.8462433218955994,0.5327516794204712
1750620936.765478474,40500.0,-15.704224586486816,1.6881452798843384,-6.425442218780518,0.0013837706064805388,0.00830262340605259,0.8444811105728149,0.5355192422866821
1750620936.865459916,40500.0,-15.91663932800293,1.6523246765136719,-6.514198303222656,-0.01107016485184431,0.009686394594609737,0.8381733298301697,0.5452055931091309
1750620936.965459583,40500.0,-16.12839698791504,1.618459701538086,-6.606873512268066,0.0027675412129610777,0.012453935109078884,0.8327459692955017,0.5535082221031189
1750620937.64503614,40500.0,-16.34273910522461,1.5856711864471436,-6.7051262855529785,0.0027675412129610777,0.01107016485184431,0.8271870017051697,0.5618108510971069
1750620937.164437286,40500.0,-16.55545425415039,1.5544626712799072,-6.80671501159668,0.0,0.009686394594609737,0.8205468058586121,0.5714972615242004
1750620937.265478230,40500.0,-16.762794494628906,1.5252909660339355,-6.908849239349365,-0.0,0.006918853148818016,0.812752902507782,0.5825674533843994
1750620937.364450145,41000.0,-16.96942138671875,1.4972456693649292,-7.013792037963867,-0.05258328467607498,-0.0013837706064805388,0.788321852684021,0.6130103468894958
1750620937.465523180,41000.0,-17.183475494384766,1.4770911931991577,-7.120919704437256,-0.09686394035816193,0.04704819992184639,0.694652795791626,0.7112392783164978
1750620937.565507978,41500.0,-17.406206130981445,1.4738000631332397,-7.2367329597473145,-0.03736180439591408,0.023524099960923195,0.6545234322547913,0.7547515034675598
1750620937.664443916,41500.0,-17.6299991607666,1.4800411462783813,-7.355538845062256,-0.013837706297636032,0.015221476554870605,0.6226968169212341,0.7821927666664124
1750620937.765548810,42000.0,-17.853282928466797,1.49067223072052,-7.475672721862793,-0.005535082425922155,0.01107016485184431,0.6005564332008362,0.7994865775108337
1750620937.865450883,42500.0,-18.07552146911621,1.5036009550094604,-7.596660137176514,-0.0,0.006918853148818016,0.586718738079071,0.8097612261772156
1750620937.965466490,42500.0,-18.296621322631836,1.5175644159317017,-7.714480876922607,0.0027675412129610777,0.005535082425922155,0.5756485462188721,0.8176738023757935
1750620938.65496083,42500.0,-18.516590118408203,1.531761646270752,-7.828457832336426,0.004151311703026295,0.004151311703026295,0.5687296986579895,0.8225035667419434
1750620938.165467617,43000.0,-18.73548698425293,1.5456454753875732,-7.938955783843994,0.005535082425922155,0.0027675412129610777,0.5631946325302124,0.826301097869873
1750620938.265502750,43500.0,-18.953413009643555,1.5588457584381104,-8.044920921325684,0.005535082425922155,0.0013837706064805388,0.5576595067977905,0.8300501704216003
1750620938.365439599,43500.0,-19.17048454284668,1.5711586475372314,-8.14525032043457,0.005535082425922155,-0.0,0.5548920035362244,0.8319039940834045
1750620938.465429698,44000.0,-19.38686180114746,1.5824648141860962,-8.239044189453125,0.005535082425922155,-0.0,0.5521244406700134,0.8337433338165283
1750620938.566517500,44500.0,-19.602718353271484,1.5927937030792236,-8.325753211975098,0.004151311703026295,-0.0013837706064805388,0.5493568778038025,0.8355763554573059
1750620938.665462785,44000.0,-19.818283081054688,1.6022446155548096,-8.404998779296875,0.004151311703026295,-0.0013837706064805388,0.5479731559753418,0.8364844918251038
1750620938.765475947,44500.0,-20.033607482910156,1.6108837127685547,-8.479150772094727,0.004151311703026295,-0.0013837706064805388,0.5465893745422363,0.837389349937439
1750620938.864481104,44500.0,-20.24872589111328,1.6187822818756104,-8.548157691955566,0.004151311703026295,-0.0013837706064805388,0.5438218712806702,0.8391892910003662
1750620938.965477274,45000.0,-20.463685989379883,1.6259171962738037,-8.607965469360352,0.0027675412129610777,-0.0013837706064805388,0.5410543084144592,0.8409819602966309
1750620939.65506156,45500.0,-20.678611755371094,1.6322617530822754,-8.657254219055176,0.0027675412129610777,-0.0027675412129610777,0.5369029641151428,0.8436349034309387
1750620939.164469114,45500.0,-20.893617630004883,1.6378241777420044,-8.695448875427246,0.0027675412129610777,-0.0027675412129610777,0.5327516794204712,0.8462625741958618
1750620939.264406774,45500.0,-21.108734130859375,1.6426000595092773,-8.722538948059082,0.0027675412129610777,-0.0027675412129610777,0.5286003351211548,0.848861813545227
1750620939.365441216,45500.0,-21.323970794677734,1.646640419960022,-8.738850593566895,0.0013837706064805388,-0.0027675412129610777,0.5258327722549438,0.8505823612213135
1750620939.465495896,45000.0,-21.539396286010742,1.6499983072280884,-8.744551658630371,0.0013837706064805388,-0.0027675412129610777,0.5230652689933777,0.8522869944572449
1750620939.564445629,45000.0,-21.75503921508789,1.6527103185653687,-8.741456031799316,0.0027675412129610777,-0.0027675412129610777,0.5202977061271667,0.8539760112762451
1750620939.665463460,44500.0,-21.971040725708008,1.6547064781188965,-8.731193542480469,0.0027675412129610777,-0.004151311703026295,0.518913984298706,0.8548119068145752
1750620939.764406080,44000.0,-22.18743896484375,1.6558520793914795,-8.718650817871094,0.0027675412129610777,-0.004151311703026295,0.518913984298706,0.8548119068145752
1750620939.865469616,44000.0,-22.40420913696289,1.6561384201049805,-8.70588493347168,0.0027675412129610777,-0.004151311703026295,0.518913984298706,0.8548119068145752
1750620939.964440990,43500.0,-22.621334075927734,1.655508279800415,-8.689913749694824,0.0027675412129610777,-0.004151311703026295,0.518913984298706,0.8548119068145752
1750620940.64442060,43500.0,-22.838802337646484,1.6539555788040161,-8.67147445678711,0.004151311703026295,-0.004151311703026295,0.5161464214324951,0.8564802408218384
1750620940.164495367,43500.0,-23.0566349029541,1.6514192819595337,-8.65149974822998,0.004151311703026295,-0.004151311703026295,0.5147626996040344,0.8573125600814819
1750620940.264459597,43000.0,-23.274763107299805,1.6477553844451904,-8.630505561828613,0.004151311703026295,-0.004151311703026295,0.5119951367378235,0.8589683175086975
1750620940.365510600,43000.0,-23.49315643310547,1.6429574489593506,-8.609031677246094,0.004151311703026295,-0.004151311703026295,0.510611355304718,0.8597915768623352
1750620940.464420769,42500.0,-23.714078903198242,1.6370497941970825,-8.588067054748535,0.0027675412129610777,-0.004151311703026295,0.5078437924385071,0.8614347577095032
1750620940.565483023,42500.0,-23.917882919311523,1.6307684183120728,-8.569540977478027,0.0013837706064805388,-0.004151311703026295,0.5078437924385071,0.8614380955696106
1750620940.664481689,42500.0,-24.137514114379883,1.6232538223266602,-8.551179885864258,0.0013837706064805388,-0.004151311703026295,0.5078437924385071,0.8614380955696106
1750620940.765452611,42500.0,-24.357677459716797,1.6150285005569458,-8.536723136901855,0.0013837706064805388,-0.004151311703026295,0.5092275738716125,0.8606207966804504
1750620940.865499877,42000.0,-24.578340530395508,1.6061733961105347,-8.527469635009766,0.0013837706064805388,-0.004151311703026295,0.510611355304718,0.8598005175590515
1750620940.965493272,42000.0,-24.799501419067383,1.596585750579834,-8.520545959472656,0.0027675412129610777,-0.004151311703026295,0.5119951367378235,0.8589738607406616
1750620941.65513037,42000.0,-25.021272659301758,1.586148977279663,-8.51604175567627,0.009686394594609737,-0.00830262340605259,0.5714972615242004,0.8205047845840454
1750620941.165551907,42000.0,-25.244068145751953,1.5735002756118774,-8.508500099182129,0.00830262340605259,-0.005535082425922155,0.6503721475601196,0.759550154209137
1750620941.265463819,42000.0,-25.466754913330078,1.5587823390960693,-8.497285842895508,0.004151311703026295,-0.0027675412129610777,0.6808151602745056,0.7324382662773132
1750620941.364387062,42000.0,-25.689294815063477,1.5431345701217651,-8.487055778503418,0.0027675412129610777,-0.0013837706064805388,0.6974203586578369,0.7166556119918823
1750620941.463448245,42000.0,-25.911598205566406,1.5269577503204346,-8.47941780090332,0.0027675412129610777,-0.0013837706064805388,0.7071067690849304,0.707099974155426
1750620941.565533863,42000.0,-26.133563995361328,1.510301947593689,-8.47450065612793,0.0027675412129610777,0.0,0.7112285494804382,0.702955424785614
1750620941.664434133,42000.0,-26.355026245117188,1.493199348449707,-8.472052574157715,0.004151311703026295,0.0,0.713946521282196,0.7001879215240479
1750620941.764419182,41500.0,-26.57586669921875,1.4756245613098145,-8.474142074584961,0.004151311703026295,0.0013837706064805388,0.7152997255325317,0.6988041400909424
1750620941.864406927,41500.0,-26.79603385925293,1.457646131515503,-8.482271194458008,0.004151311703026295,0.0013837706064805388,0.7152997255325317,0.6988041400909424
1750620941.965552648,41000.0,-27.015676498413086,1.4392590522766113,-8.494093894958496,0.0013837706064805388,-0.0,0.7139572501182556,0.7001879215240479
1750620942.64463287,41000.0,-27.23508644104004,1.4205200672149658,-8.510504722595215,0.0013837706064805388,-0.0013837706064805388,0.7098608016967773,0.7043392658233643
1750620942.163511316,41000.0,-27.45450782775879,1.4014869928359985,-8.53150749206543,0.0,-0.0013837706064805388,0.705722987651825,0.7084864974021912
1750620942.263437434,40500.0,-27.674034118652344,1.382171869277954,-8.556406021118164,0.0,-0.0013837706064805388,0.7015717029571533,0.7125974893569946
1750620942.364358132,40500.0,-27.893827438354492,1.3625023365020752,-8.585705757141113,0.0,-0.004151311703026295,0.6974203586578369,0.7166502475738525
1750620942.464388316,40500.0,-28.114015579223633,1.3423222303390503,-8.61970329284668,0.0013837706064805388,-0.004151311703026295,0.6932690739631653,0.7206655740737915
1750620942.564456532,40500.0,-28.33461570739746,1.3215535879135132,-8.658852577209473,0.0013837706064805388,-0.0027675412129610777,0.6905015110969543,0.7233243584632874
1750620942.664423818,40500.0,-28.55552101135254,1.3002862930297852,-8.703692436218262,0.0,-0.0027675412129610777,0.6877340078353882,0.725957453250885
1750620942.764461055,40500.0,-28.776744842529297,1.2786258459091187,-8.756241798400879,-0.0,-0.0027675412129610777,0.6849664449691772,0.7285693883895874
1750620942.864463277,40500.0,-28.998563766479492,1.2565840482711792,-8.817255020141602,-0.013837706297636032,-0.035978034138679504,0.7550584077835083,0.6545234322547913
1750620942.964363687,41000.0,-29.229276657104492,1.2316875457763672,-8.884137153625488,-0.06365344673395157,-0.015221476554870605,0.9105378985404968,0.4082123339176178
1750620943.63529086,41000.0,-29.472562789916992,1.2073432207107544,-8.959564208984375,-0.015221476554870605,0.006918853148818016,0.9537050724029541,0.3002782166004181
1750620943.163408576,41500.0,-29.720781326293945,1.1849277019500732,-9.032645225524902,-0.004151311703026295,0.0027675412129610777,0.9688252210617065,0.2476949393749237
1750620943.264376713,41500.0,-29.969457626342773,1.1635040044784546,-9.104649543762207,0.004151311703026295,0.004151311703026295,0.97670978307724,0.21448443830013275
1750620943.364435982,42000.0,-30.217056274414062,1.1427857875823975,-9.177117347717285,0.00830262340605259,0.004151311703026295,0.9810113906860352,0.19372788071632385
1750620943.464458041,42000.0,-30.462900161743164,1.1225430965423584,-9.250067710876465,0.009686394594609737,0.0027675412129610777,0.9838871955871582,0.17850640416145325
1750620943.563479810,42500.0,-30.706689834594727,1.102542757987976,-9.323213577270508,0.01107016485184431,0.0027675412129610777,0.9855808019638062,0.16882002353668213
1750620943.663497751,42500.0,-30.94825553894043,1.0826257467269897,-9.396013259887695,0.01107016485184431,0.0027675412129610777,0.9871911406517029,0.15913361310958862
1750620943.764428999,43000.0,-31.18763542175293,1.0627371072769165,-9.469507217407227,0.009686394594609737,0.0013837706064805388,0.9885111451148987,0.15083099901676178
1750620943.864410131,43000.0,-31.425079345703125,1.0428285598754883,-9.543633460998535,0.009686394594609737,0.0013837706064805388,0.9895421266555786,0.14391213655471802
1750620943.963472556,43500.0,-31.660545349121094,1.0228168964385986,-9.614391326904297,0.01107016485184431,-0.004151311703026295,0.9916142821311951,0.1286906749010086
1750620944.64473004,43500.0,-31.893964767456055,1.0025490522384644,-9.681307792663574,0.009686394594609737,0.005535082425922155,0.9942447543144226,0.10655033588409424
1750620944.163482720,44000.0,-32.12525939941406,0.9828436970710754,-9.744278907775879,0.00830262340605259,0.005535082425922155,0.995642900466919,0.09271262586116791
1750620944.264496222,44000.0,-32.354644775390625,0.9641633629798889,-9.80280590057373,0.00830262340605259,0.005535082425922155,0.996497392654419,0.08302623778581619
1750620944.364471283,44500.0,-32.58229064941406,0.9466068148612976,-9.856114387512207,0.006918853148818016,0.005535082425922155,0.9968451857566833,0.07887492328882217
1750620944.464409093,44500.0,-32.808319091796875,0.9300686120986938,-9.903160095214844,0.006918853148818016,0.005535082425922155,0.9969536662101746,0.0774911567568779
1750620944.564413338,45000.0,-33.03288269042969,0.9144522547721863,-9.942927360534668,0.005535082425922155,0.004151311703026295,0.9968605041503906,0.07887492328882217
1750620944.664393328,45000.0,-33.256134033203125,0.899563193321228,-9.9749755859375,0.005535082425922155,0.0027675412129610777,0.9966424703598022,0.08164246380329132
1750620944.764442318,45000.0,-33.47816848754883,0.8852522373199463,-10.001696586608887,0.004151311703026295,0.0027675412129610777,0.9964185953140259,0.08441001176834106
1750620944.864437326,45000.0,-33.69911193847656,0.871497631072998,-10.025311470031738,0.004151311703026295,0.0027675412129610777,0.9961802959442139,0.08717754483222961
1750620944.963443966,45000.0,-33.919105529785156,0.8582944273948669,-10.041382789611816,0.004151311703026295,0.0027675412129610777,0.9960582256317139,0.08856131881475449
1750620945.64383690,45500.0,-34.13823318481445,0.8456419706344604,-10.049771308898926,0.0027675412129610777,0.0027675412129610777,0.9959390163421631,0.08994509279727936
1750620945.164399347,45500.0,-34.35659408569336,0.8335329294204712,-10.04955768585205,0.0027675412129610777,0.0027675412129610777,0.9956852197647095,0.09271262586116791
1750620945.264420704,46000.0,-34.57431411743164,0.8218904733657837,-10.039802551269531,0.0027675412129610777,0.0013837706064805388,0.9955583214759827,0.09409639984369278
1750620945.364486074,46000.0,-34.79145431518555,0.8105826377868652,-10.019634246826172,0.0027675412129610777,0.0013837706064805388,0.9955583214759827,0.09409639984369278
1750620945.464470603,46000.0,-35.00807189941406,0.7995201349258423,-9.988818168640137,0.0027675412129610777,0.0013837706064805388,0.9958159923553467,0.09132885932922363
1750620945.564391231,45500.0,-35.22404861450195,0.7887867093086243,-9.948220252990723,0.004151311703026295,0.0027675412129610777,0.995934247970581,0.08994509279727936
1750620945.664416596,45000.0,-35.43919372558594,0.7785786390304565,-9.900282859802246,0.004151311703026295,0.004151311703026295,0.9960533976554871,0.08856131881475449
1750620945.764487627,45000.0,-35.65351104736328,0.7690436244010925,-9.848260879516602,0.004151311703026295,0.0027675412129610777,0.9960582256317139,0.08856131881475449
1750620945.864551454,45000.0,-35.867095947265625,0.7601554989814758,-9.795258522033691,0.0027675412129610777,0.004151311703026295,0.9958083033561707,0.09132885932922363
1750620945.963479747,44500.0,-36.07994079589844,0.7519609928131104,-9.737655639648438,0.0027675412129610777,0.004151311703026295,0.9955505728721619,0.09409639984369278
1750620946.63488511,44500.0,-36.29206848144531,0.7444455623626709,-9.676907539367676,0.0027675412129610777,0.004151311703026295,0.9951494932174683,0.0982477143406868
